1005430825034898028159450381457986278530336367071901275777143677242919462264935219038702863928706829606981505510493
1005804065810719332176186227250400290449390637949348974800279436026685987155010378352472461983753085594687048269543
1012621184719010047058925774696681084760334765624833608803006264722987075543491539009902769539324828629514852096189
1018989262359563675939411510401524593680506265473767737359306915635942505429216532751421890863851615877469434622597
1026578835932332767283191199690622164709152252450016019100989016732132623550048572670639868067433257061589870419109
1040802511293012649201306879238664583963593329133077133274609365229294539849326121222561773396413722298526238880301
1047840512791034141344754154752039692770243575196361530384666303933616781033129777287959856643999663544173528001863
1049555118393828811137048665075844099816474440052187040163930606471817595630842007866144585816404303113551041490577
1055911911381139544510443318303451902795074417581572454144391703066731982653971832463076212283197873177153336281653
1068685386239812152448230311608003917996996103954834362092063484334634218747097675772558936879108237943347592332967
107160120027643691300425282925647802292074348353177703311573479244025595158639148598078174454845241508729696270397
1075465095880605667337283508975937363084480774933549666860083805787805917324890556316431739347745405012719862776981
109536050988492325102863075084411378796745960905451277165369412705830769127982087098012529660376946739658505809087
112321496867866062267958214924795056665509538326595162419444289217032139584249343309086833975847106756057716776683
1126177786599771466960425718020249902018814455030609338226999596811674938648618916409668559934694529348407937477267
1136300593544147052536972136115327427605745498175250658920957092982824374797113416411833840325886527007717221615519
1162520071957824284898199652832563230021557038243110710675124380300731945790011065691979353335892605872365654454727
1195547384322315751556866942913622705701902321653262364114229511776094519677158889367243963741563269030870926153711
1202227922394782765736219448995198999036372156334438731562736882602333764241908492889920707137536584161629725653549
1221760707465492547367942092272567991031740758796836882319372654455328282537325858805612708735157756218846154985489
1226859889652147458146947967466483817360398158186026852435647394686083288824349133917004405932160866364781005855063
1237030298891934616879898334045127782728073559106075191831461057002776671400314001204903225989649380573711095647819
1271545987837118415738780790701419024932406296757780811971824432816139210188391986875332946986431078013313499650451
1296132321177291342139343774866979785319948124284758565807782874718056774562567162430718734764594285989051704670159
1306257416414156003115731794630326644600327773862743740807791380496708349561745845349400378378661632064667677177953
1322789012138233237563192506026657151479176714668478330413143867915729271368140632967512474659455511018979533771831
135499171063520440882890083382497435842474069026879632482887512915134972113343602554780791269107006064437066820493
1380740152225409333416847950715539612927118440447896947883717175525793277912680525976394229860764053680713237877733
1395378504245802600686554686394334898132657065590160576514922390914223542923101705800884332100761119233216293407529
1397411958703932700120735826988481974366364769710566448010131838041793170652841016294281788747503842443204913239773
1399855167205957567062070677518568493951146958494608845721162411592030289705400935567947010702891731118585938793087
1403734949827151081104310478146060911443392955480849708109497642920040509186849627994219915766851822543817056211051
1409184564421320804453004571231440823320883892605692612404419924265441459963207307328782280240480050084117013130037
1411454795196089214328557732385718109867794148718408246289840256793401618933076240104492934573277807532584913365167
141229152795385076876525383949284161586851457332506150258505583427275091229820551240349402261434408175581387974321
142314309083127226648251792465121520692426256025683023347476096198853735333747903137083936312438380469310253401347
1430902654760623977498000037856202363174053717994029518807513789182002758877832575188405136193826266176764476800653
1438759556947969503497715462893270547052377962759136416002025606769916753403369549375900774169977859233746214047241
1450696594131025156193707399165086174713693775234903511133310119341175684163501648662704235371451767175202512586539
1456451606314933301135205687127090488742004322728302148619711898979660559549789618279097791678045454557827620643233
1456877486542261540766671289037236187375996556865475859591568677808087737496481571856078472391557893062720429928797
1462747091371167047978341919684154068997444036175629453281114894426032667050088359943569122394857589568552147913071
1463244250209045863943000356364086562847475692708540694547153147299548031679072584394478319792642608814294099505787
146899741208712964380397704771043520350497625499997089779519377426538585046013523549852586124526506516785071432517
1477100780690537309415662694286677057436852338363308647718995429782332624189190415361239059546077901321923095060267
1481597566395497635783687387628832725308997146677647549602735916240178966046285403295427619030747980150024611960229
1487617524138243749061048105250342089878013218637770558552496416188466692024926525739983628345242960789618961862347
1495127030309922357449207611591488934686450248938574672203660044948039315862860064707571705909770892343734428296383
1559395987874462185453313614760917457048331821724278773881581164056354800730199275572067227301127525826438799760573
1561223939457002570662402588079478657216731491892841028843073754875162539204459333222759372827164066530982196177913
1572845576483441920167965290179589832358218138835952365987249000530313299874823008838102487150041557108473915986177
1575615570764622869304253362540375966235578072769061777182564838059030108858983027376120113012272533043135661304997
1584539976541188133893784789123075146891325312399415433630536871997757213468700466098781485251490791557289762397841
1584819901752483189238927792788178505552508707625804265364893434857254097056506695603901003532824398475054985877123
1590424695311965969997533101399601721360149758047439270965500413449201306227228835437090428342768902562308537552081
1603164266506097451445222250573860486416362278862948301821442223295747267084154395801812968850020953540602406253967
1613625508028409005382407473410994802558601420234510093198771243061346172611559287490093417553028335143937865579441
1629348868539558290546014967384873995167996744181286901420073228686417895054414563638760622343311536392190793243687
1630585548888722914567502707547950140642194158180888557667080611074685190115789110361049021777558093743478129031749
1634825754144035446686178334772341986119987553968837280072408801337529100345472904773493040421025756673878889107341
1634849862753436226338802892072930013237389735012017068762154864559867033623779720234067838359749725180580349077
1637243992636338390178652767322332447939007307853612376173401843266053705324000863429460683222958403395371285166261
1650021275867204722464223267205940382997700079495219707402611255150724176790893459240579066602373931019289134078499
1686189330995784570990858302989390574418904061178947475157043021860209862044326679600520276525072186828063779937517
1695614810085023058559959621090764249519745508015580610953590878758529149979505138497936859243539965728107379625971
1711957516240546793978045707836666879852248633355721457399517665842298382602449293097312902671124631074787578652021
1732396690745507897159975702792594538755155741294462213387731728728083607798063086458980122979287338643865570132451
173446720742959076652406973680865352756112809445939543487178103079593619748171395690056914045297217503745102620583
1754703606587798277156051841242278002238730194891152798263590055125925952423315050294755435769531435396148378475791
1758876038134858011718675948319060328644669073030458617943868750090084225791616826268883182434143378994282958260291
1761375417075974262693468025042863235743004173708277569701049972324978070911010957990974876193551074560466375579587
1777279292073157934697658151284227816670624396072609663050813818386326438271750682442434508510528870718923218267003
1777994681534062956922690736245013905110763249414707810043617188852073224960692011153088663861509587696779491602521
1780070409234004087639322331369648225794706299606669026394055800585524362566731461407901410284400131232248789864747
1781204291899468344904954150668871398761658134628314825301432315092870111674236163771355322556107663068567043317269
1781738499630991427789251939736687188186022541973587788729433493518618430235886854239857722209330454553560521038697
1799013112230537712678248764197250520674547838453375018171865534249549269338003479154785718280285505128249791242201
1812248681923429624124097078431835986447519080348287796099362009130587319939672900848709025924347380941438570357941
1814279198521082577867459131987918310769317728702918694823881108509959720246541439802064244703172155890024247584389
1819049899965234564218865729634024829013496193481235393648734087180667430758114792814229737779928842505581688687257
1836097199920231603683601861161050208716301588010873475944729168347025440792045177032703177214143589672674560972611
1839223660863984024506292211720020323264987504057422696956615185553024317471396159986125582161452994269722789243233
1839378229189475385837461292294193610861992107268674555199974722483861133123472744508000154622955293790333455135823
1842218367190012938340736354437929207358067723207882860455376529810499446063089401555730362581886781312340908753103
1931183873857307483373574241186209277594758599159216961097619398497825700782503298530704196350068550226088732523267
1934598086662363617750276521258749567279390549027399421893539114802281851365906933492903059069489110841580876372363
1943213086275977825874860502290007323565717034677363412170836680646036273591543817813245047852711781689788611664503
1970351150587426747304352905318329473652327185376772440645617532667552277583562281975864406257934874736959537361921
2001650883035888065298507251212000058484550755263315279902345844288848903608295551068226579468836907134574261360041
2011867658247659713374319143396274950584502996774662843732353231326454185006218035589390571288592245448709043155963
2045745191008460678354124965592658001741991930647938666440408066707464591145909600999047439264146397945358926435903
205556362253347205605470772981465225190157616561244296261049515166281586903334085798459338560655524027208704744849
2062988798408857716689190053588057161401635418840088995346613099670202160073229318027993712354176874368166263614067
2068805333732818318677721822587040675549200677333572132605867471344235953995630545242300001889656358472123591803733
2068935067770184177722115837260716515950643782966932345788277554322334922318278749821810014029821769700044626944361
2078658035411863850783087102817194317616799908749400274071145866280585578740709504182852444056792044164080146790959
2087560045926721224281907064070999245363352177747403354423022642124020526988900164415149190787920717908071923332737
2094275005210317847666082902340664733768923527194885512521408374071538170814154052171018772541215710779462583483079
2099868218514900119549625316694256090716606575073808543653447878555662681359830525479466326999906587090640030832639
2120901545407529442396624024842256386040470317509138572688070131991808960835581747167138135046909650864014592661191
212852267321198413660879731563334084308431312840595322420104960474610339483654220870842951667362481594218239767583
2131738841547201525110054865988711177108437213399030136680077264181401763415049709087096622250674989430090210985939
2137325490210821651964994162505891512844712108104273934822834692809807683756579918415931894058694985676902767696841
2164598476817483103497162280088488350330861013739000470238808546803946152143348939820711957958464172648057525543027
2170026770899528422396952224119534898500494040240710762845033943847707539763027357160666952978696738739802395815791
2184738979682207611908285278209497537279732272735426171353735273179142014380466258003076290335201098091201425673251
2205910223733719696565083814762952368097355176866258192341821341877303594474862550750905881691080832057791462542959
2217282586476849037214932130282344131490080062284561831177291976702440295981566941960270481015770827506077910120907
2220353808101756030527913239280261979927770710145029620007538142856707891976558006290974274776363061878716842533489
2241465729277963729754079355956320105282187807486211997300520118204148365879588891480513034204306360850762441991937
2244850528713123701798926183201058324166363363867959527227975714686418043812773296050399243708352036079617235795141
2252333753667530158168550584715774267688317766442311813175761401733505220641045480948140643514209518826034757358559
2281162978385280111427881292635094390874668797849802894876236068212672775815318023898258717010648940642840099463339
2290896997792165037578245870671013921525859454165466090833398289933577284953259608466008241851877399286991246173881
2322233440175616759604696615598900638373515724893481894248218781018109965771050386409837681137040459873799159304057
232298581722084194723868315562992292542404372442607814331134831691492721075945848498114829042378395642546305654719
2340679986736867098705702678273845454428433434762749884848723618143541094672180089696165969958588755242790197605601
2369195149022069384503064791573559596109660070754309076038296714206938573853438404402658215263500675480154691945201
2389141983600765917636452720965458599272982609148546868496162966057905226679775098957792761962606346677213340978513
2393975810787026828731443450660461007849246971488172160211966759739902837427814638920421578095538302130360775606897
2411081777811728193516296289995909449130025555880094966189787216984373772181777664515569901651151673185752345380117
2417443768230740077861872577778878724673330624107609153793126541924567185299484447677493622348125208973924789022151
2423657218176337384220010927496817021000319590259371320194786419615452976511536041888298918164612048924789365394597
2423684041822247409990791174476227409303703407624629801763787543845693224718964824996920885176671831761857367257353
2428834368931540766175491531349394445269579796007436526038326496833526810335197283546009836310713290825817384503039
2432216022235211391727883099074305540190624125895529356108508523213045821430083661407736469824566238990591640771111
2446198269743040004699714395945702093659108007729318377428788769107416783588013394306604744046516395982321314034473
24752166093769137719386606138843650869154631076951775460159152704812165718290182805066382069310502132281864048431
288845502656601847649022462658974309976717590073606839534887292440142856628143172352336312550633370558785652188153
288934051143576007723550893355168066829701884964222383044375166911394595983212577304723561071580689155686524174763
291189067410825101133087237223023155879531706140108158565305751740080748055587132706351298333444099255838701928019
292913219675092472861830892628240451454716179858929161759257206047897646454318098241938223274452099174092924793583
303911099714908069775134862548694778625293124942157238837719967186425979252956959132861303415895223606112738447087
331274148817404073335436829883217860314288203165677002905625750368090187848391992365657203704314724677332530123733
337046294019873785426934084526107266450185975878314450352773761879620366196414366082951695337996403400919110714033
350411921499493857148728188673829525024112503737456650500059011559611956127065895616233403883729083781875320169209
352419303312075098132783699171269434568411485094726906014119096678186566181963110491941599967064554237190295320253
356824281425512533901738795137302478618989899595776661868963081399111516436903712009961688783065274293497193604439
370579784668353122082605986691965288122570067465689760879820115256887430115445286799205827076821665233573203740633
393758736414761164541065717827647859347058193241637699092474795260392733989928444741486198474111429574662827127919
416755350560748612398032850582365815246987158776095902240731930339123088771219513549367862435216130554994233708657
443194263432052651097043785657827330728021845198971011469087395846439461351412683703006659167830423916624420813219
448253191121030206477663865321470103154740859389455840716004775762949998562593350625338656739317867934728803034901
453945384701330649035720022876526581885216284602101391664141968777304322493570455437850029195688124164302534792339
455276709667981694341460666448058382752294889602970627190788461659961218184683697842627550076942863133747384025701
484490820390263747818728573054938860644160005954687747287237816540197372443064130399569559868105548439256192891157
524338811901943338196440276575716284767490717770469518139180722701575465328641688793521720149600688255825059180101
526620637939568816939471648755814952720677016329894642041835886742932476853820562306218811091570834303937721664277
54129550875167202870651227519411259759575345639164460961846588550128382218489334066011575751414867762123628072057
545456653291974274759809244808146317750532904579284281819054505335301818351515634253134016582217804859407147445173
547957650480325823882519463516415540543052035430310563445828381176381325680920714753914374252502553582221872189201
553569911514826055874441867403819862852923933592490913373987392739985096193855426853059357176714387303106377773711
554208987543932486334936330369169589735641549067745764492694247883692100545479712660005882367501994908682095780751
581038847227450797691923609517992095197812429233970675886123590653961824034496438662143641661726429537556396184499
595164330673302729203473884337176378969303551767565959516987941118757146060909852373607539830179806804328587546437
595408761593900879073993144278012254915211172896703506335640600451625804379830782220929672819034607653686819003461
610718051846695514156081583336116088992088309184907362657701729401457153912271816157888324884269224496420968929193
627981243366508606374249569173466156560666903851712425226772162468264436831953743408355014717079871027624883203971
645784437581743942628271493501329795978866538853673976220899526988205407744949513879098815256920662714648140084461
656251025298425025699519249310594346786997807528177861831585894231487511952383183331599850256423657683051702424903
656656291822252125017050060536824771354243424529079874477769226810412320124299318403374533779916566361614714171071
658906037709249934851376510923623470392860713104873878715502343682252440260184634973997374172268212083473686370293
674061690060123523912175440847477691756349000376419798125871659868401865924606798607723780944274085664282134884917
68023533854194165159234996386374661804834072988880626313923071170075579101369122696545345000185350581054552353861
682318393425848605317011434867180506866010050596043997784056925430653590358935859438869065016271263521910969054623
685187978753510015960283551564396931934901971467288125079948742896042177422576276597904597851225940195908470269311
69489946259550473428627539691836186228825041912259545444767210523167308793696036591653051451989262164924372450223
697608967739519139745087051864952213716660575699934765529940023028479145975752838818806577418994891957510867858961
699055866338171112439917800308608011302551322204765994805531089716636809251682361138460924803961717242905229938509
705396164366066535831069962028038148204805971156020329501735728387772888145427896932494757162173869258135979905579
712575607207375236979702773806177333142063833059833576334669420804824707576022714729512230438825010817985021288783
725979233080298986077427214785139881181302059915207595935273558675966893013414853806104073897713982144967375255301
73619941455442700244019261139933043687195825432420534662584171588426011787507860202644693130331998221708990265313
762799178611986146932725044246164934354128394581634820563427683108095593752544716059604752195645386713495369661197
765744910795099367978421260011226481730560050606910735576195473988818713655417094196302525889649644723268744874017
769369631677044654065962141957943648241851056525281930625266773305814136767783269149590003892688604262772749439903
774539372692226525586096177075884462869530825619548058620090990186503659242937758917403839820583402471263951814397
782349791031121123439006389517946190466565786096449699530644809784101243075410484223460803188265022759699777390649
787617073162016725094069663517415574518098132227476132010466481055124548099270659372858137881725584428163431698451
828739993417529384727549304857546823793930296207657351892430048900524572361769926645410619458232981965318531326637
837337019686409074588731041317542782255454065010539055953581616020705451765005867177900456040334303238382549322607
844108407179324093100136904679509117633175118812329147407254082469206884040913436905033569469270587769052126776233
854183365733670640374961920003930864834763079904991131296230179811855417880201360666022444954713837488547400046061
856860059394452973299513045202555004341989052318039757019700779930523439477225234397434122518428367100895262042041
883738785646042411104095114712027424300955018146319235942148539643030201843618453139392633227133338947735103113087
884107115050002947160431937890115874919653088740627672923736535273783659784848467952488913236758540220258784170979
885378233953101091678112919756922231485134056845536155648815841012978228852514261690470789833737690687057576885509
902948142074892211093584449488530015238314937958862753280110054896502995865037812360145748189241299004034615914043
903097052262361978483038648145041464559260621574370555073359754798545046814308664028813977839362200431356592833061
909457757124175868147663025297154280908917292922219875014356690043247187825278645005274741189839541036127863950341
920969354605293561753952674545561087287815992362228702138143010953291145886112351515197978242712882943552063378527
92298322372277051951047488968311378852352233865765952234273014241015086223279511500734912013920111509024520900209
923630141831071921147111143342734275498188377845042215642933484585013595682618449642226381123747670474978928276239
941551532560187547289551839365834242985706403319054994134097050880186873206579854559018828777163846195095696133449
955507735407666889134889319443611476885597001858717101455579285591330695627445610594172300432775100252155079337637
963989143247010003974216646517245797437434109916989907466017899309906518257284094017413637696833897586387119161563
966961763317760717378543841443507565912626484846042027492569751188927988653360365703338665158133769796396221489373
968461802470247725164232866755670191800987750766282011305651251288219430596545994936659868827916315040410612713043
978245456194632016181016594065336817471108851761840325643681510018564217790428944830777682123631921933844254221769
999587080907801257839875993154869492873327027129081287671969890997327378106998423790938212242432259354468997713113
