18157654126603654640954361850510285251304908755832950805324657395834079580390397103802816018612001242175334154878443
34872880091474631958776270118914917161753583206455984948317094934688653692633937796936828359929753824483180940000347
18044119831822120845793604384544630740561789698031637699076609765513970487539934094253708117772134905959710100173581
11113122494801607384665662028814524877822713726178679676769657761078807603195123736884368012171911961884751971353513
37610771303349456822363214954602694141215968530324298958475867861218638316320309949708582770806473732709044214282469
30576950440722553091790218960823334999463334638215177711587535890699695227048844917579078157694402959349804010803463
31557502523963182939969112477263863449330165197468060436837544886541210941735408361400740605626089606410714023984667
21791876659312520412301371520286442337093259940816831969089814826033801134785780877271266222069097624967750327102957
11568572020402465842800071903867776658238888752886150725997364337493470404001908722602351628379477754442447650770307
120454946315993605272353737951491647398579326565693380534652192868304320970684220993218419442691305914643215751011
8655924269789109508646724215198584951199951827304676590352390133535598022809700779461201348418459192302081661654143
36287823527479723168739461198547899486058662388365126147015319658772151587306900863219875411669727501362773431417449
